# z (m)   theta (K) rt (g kg-1) u (m s-1) v (m s-1)
  0.0     300.2     0.0         7.5       0.4
  100.0   300.2     0.0         11.8      0.5
  200.0   300.2     0.0         12.5      0.5
  812.0   300.2     0.0         13.5      0.33
  907.0   300.3     0.0         13.71     0.29
  946.0   300.5     0.0         14.04     0.21
  1003.0  300.8     0.0         14.53     0.1
  1155.0  301.9     0.0         15.0      0.0
  1346.0  303.0     0.0         15.0      0.0
  1518.0  304.0     0.0         15.0      0.0
  1671.0  305.0     0.0         15.0      0.0
  1690.0  305.1     0.0         15.0      0.0
  1709.0  305.2     0.0         15.0      0.0
