# z (m)   theta (K) rt (g kg-1) u (m s-1) v (m s-1)
  0.0     300.3     0.0         5.7       0.4
  130.0   300.3     0.0         10.9      0.74
  400.0   300.3     0.0         11.7      0.6
  415.0   300.3     0.0         11.96     0.57
  444.0   300.4     0.0         12.46     0.5
  464.0   300.8     0.0         12.81     0.45
  475.0   301.23    0.0         13.0      0.43
  484.0   301.8     0.0         13.58     0.30
  500.0   304.0     0.0         14.6      0.07
  544.0   308.1     0.0         14.78     0.04
  600.0   308.25    0.0         15.0      0.0
  664.0   308.4     0.0         15.0      0.0
  724.0   308.6     0.0         15.0      0.0
  786.0   308.8     0.0         15.0      0.0
  895.0   309.0     0.0         15.0      0.0
  1500.0  311.0     0.0         15.0      0.0
  2000.0  313.0     0.0         15.0      0.0
