#  z (m)   theta (K) rt (g kg-1) u (m s-1) v (m s-1)
   0.0     300.5     0.0         5.6       0.4
   130.0   300.5     0.0         11.1      0.7
   415.0   300.5     0.0         11.1      0.8
   473.0   301.2     0.0         12.17     0.56
   500.0   303.5     0.0         13.6      0.23
   600.0   308.25    0.0         15.0      0.0
   700.0   308.5     0.0         15.0      0.0
   800.0   308.8     0.0         15.0      0.0
   855.0   309.0     0.0         15.0      0.0
   1820.0  311.7     0.0         15.0      0.0
   2145.0  312.6     0.0         15.0      0.0
   2400.0  313.3     0.0         15.0      0.0
