# z (m)   theta (K) rt (g kg-1) u (m s-1) v (m s-1)
  0.0     300.5     0.0         4.5       0.7
  130.0   300.5     0.0         10.2      1.2
  400.0   300.5     0.0         12.0      0.95
  415.0   300.5     0.0         12.24     0.89
  434.0   300.6     0.0         12.54     0.81
  454.0   300.7     0.0         12.86     0.73
  463.0   300.9     0.0         13.01     0.70
  475.0   301.26    0.0         13.2      0.65
  500.0   303.5     0.0         14.6      0.13
  520.0   308.1     0.0         14.68     0.1
  600.0   308.26    0.0         15.0      0.0
  845.0   309.0     0.0         15.0      0.0
  1170.0  309.9     0.0         15.0      0.0
  1820.0  311.7     0.0         15.0      0.0
  2145.0  312.6     0.0         15.0      0.0
  2400.0  313.3     0.0         15.0      0.0
