#  z (m)   theta (K) rt (g kg-1) u (m s-1) v (m s-1)
   0.0     300.3     0.0         5.0       2.4
   130.0   300.3     0.0         9.6       3.9
   245.0   300.3     0.0         10.7      3.9
   670.0   300.3     0.0         12.5      3.6
   900.0   300.3     0.0         13.5      2.9
   904.0   300.3     0.0         13.53     2.85
   1000.0  300.58    0.0         14.3      1.7
   1010.0  300.6     0.0         14.37     1.53
   1100.0  301.45    0.0         15.0      0.0
   1116.0  301.6     0.0         15.0      0.0
   1138.0  301.8     0.0         15.0      0.0
   1159.0  301.9     0.0         15.0      0.0
   1350.0  303.0     0.0         15.0      0.0
   1670.0  305.0     0.0         15.0      0.0
   1750.0  305.48    0.0         15.0      0.0
   1903.0  306.4     0.0         15.0      0.0
   2400.0  309.39    0.0         15.0      0.0
