#  z (m)   theta (K) rt (g kg-1) u (m s-1) v (m s-1)
   0.0     301.1     0.0         8.0       0.4
   130.0   301.1     0.0         12.0      0.6
   829.0   301.1     0.0         12.0      0.6
   848.0   301.2     0.0         12.0      0.6
   900.0   301.29    0.0         12.0      0.6
   908.0   301.3     0.0         12.1      0.576
   928.0   301.4     0.0         12.34     0.516
   968.0   301.8     0.0         12.82     0.396
   1000.0  303.16    0.0         13.2      0.3
   1008.0  303.5     0.0         13.34     0.276
   1048.0  308.2     0.0         14.06     0.156
   1100.0  308.32    0.0         15.0      0.0
   1388.0  309.00    0.0         15.0      0.0
   1750.0  310.09    0.0         15.0      0.0
   1787.0  310.20    0.0         15.0      0.0
   2000.0  310.84    0.0         15.0      0.0
   3000.0  313.85    0.0         15.0      0.0
