##################################################################################
#ATTENTION POUR L INSTANT POUR ARCHIVE ON A GARDE l INFO SUR LA tENDANCE RADIATIVE
#ISSU DE DEFINITION DU CAS EUROCS DANS DE VIEILLES VERSION DE LMDZ
# ON NE L UTILISE PAS DANS LA DEFINITION DU CAS CAR LE CAS TOURNE AVEC RAYONNEMENT INTERACTIF
# PBM aussi que rad_T est défini sur 18 niveaux alors que les forcages précédents
#sont fournis sur 20 niveaux
###############################################################################"
rad_T = [-.3867370E+01,  -.9437038E+00,   .3279568E+01,   .3491005E+01,   .3179960E+00,
  -.3563539E+01,  -.4864929E+01,  -.4350163E+01,  -.3867370E+01,  -.9437038E+00,
   .3279568E+01,   .3491005E+01,   .3179960E+00,  -.3563539E+01,  -.4864929E+01,
  -.4350163E+01,  -.3867370E+01, -.9437038E+00,   .3279568E+01,   .3491005E+01,   .3179960E+00,
  -.3563539E+01,  -.4864929E+01,  -.4350163E+01,  -.3867370E+01,  -.9437038E+00,
   .3279568E+01,   .3491005E+01,   .3179960E+00,  -.3563539E+01,  -.4864929E+01,
  -.4350163E+01,  -.3867370E+01,
  -.3087036E+01,  -.8644809E+00,   .1899312E+01,   .1892331E+01,  -.8682765E-01,
  -.1842751E+01,  -.3281245E+01,  -.3491231E+01,  -.3087036E+01,  -.8644809E+00,
   .1899312E+01,   .1892331E+01,  -.8682765E-01,  -.1842751E+01,  -.3281245E+01,
  -.3491231E+01,  -.3087036E+01, -.8644809E+00,   .1899312E+01,   .1892331E+01,  -.8682765E-01,
  -.1842751E+01,  -.3281245E+01,  -.3491231E+01,  -.3087036E+01,  -.8644809E+00,
   .1899312E+01,   .1892331E+01,  -.8682765E-01,  -.1842751E+01,  -.3281245E+01,
  -.3491231E+01,  -.3087036E+01,
  -.2838080E+01,  -.9134414E+00,   .1061002E+01,   .1546524E+01,  -.1895735E+00,
  -.1981932E+01,  -.2895933E+01,  -.3198640E+01,  -.2838080E+01,  -.9134414E+00,
   .1061002E+01,   .1546524E+01,  -.1895735E+00,  -.1981932E+01,  -.2895933E+01,
  -.3198640E+01,  -.2838080E+01, -.9134414E+00,   .1061002E+01,   .1546524E+01,  -.1895735E+00,
  -.1981932E+01,  -.2895933E+01,  -.3198640E+01,  -.2838080E+01,  -.9134414E+00,
   .1061002E+01,   .1546524E+01,  -.1895735E+00,  -.1981932E+01,  -.2895933E+01,
  -.3198640E+01,  -.2838080E+01,
  -.2796604E+01,  -.6982704E+00,   .1151711E+01,   .8755094E+00,  -.3523057E+00,
  -.1913864E+01,  -.2814059E+01,  -.3134714E+01,  -.2796604E+01,  -.6982704E+00,
   .1151711E+01,   .8755094E+00,  -.3523057E+00,  -.1913864E+01,  -.2814059E+01,
  -.3134714E+01,  -.2796604E+01, -.6982704E+00,   .1151711E+01,   .8755094E+00,  -.3523057E+00,
  -.1913864E+01,  -.2814059E+01,  -.3134714E+01,  -.2796604E+01,  -.6982704E+00,
   .1151711E+01,   .8755094E+00,  -.3523057E+00,  -.1913864E+01,  -.2814059E+01,
  -.3134714E+01,  -.2796604E+01,
  -.2680587E+01,  -.5366148E+00,   .1186146E+01,   .6456953E+00,  -.1644712E+01,
  -.3054163E+01,  -.3096808E+01,  -.3154263E+01,  -.2680587E+01,  -.5366148E+00,
   .1186146E+01,   .6456953E+00,  -.1644712E+01,  -.3054163E+01,  -.3096808E+01,
  -.3154263E+01,  -.2680587E+01, -.5366148E+00,   .1186146E+01,   .6456953E+00,  -.1644712E+01,
  -.3054163E+01,  -.3096808E+01,  -.3154263E+01,  -.2680587E+01,  -.5366148E+00,
   .1186146E+01,   .6456953E+00,  -.1644712E+01,  -.3054163E+01,  -.3096808E+01,
  -.3154263E+01,  -.2680587E+01,
  -.2442485E+01,  -.2916573E+00,   .1181932E+01,   .7098126E+00,  -.2031150E+01,
  -.3241811E+01,  -.3113050E+01,  -.2991056E+01,  -.2442485E+01,  -.2916573E+00,
   .1181932E+01,   .7098126E+00,  -.2031150E+01,  -.3241811E+01,  -.3113050E+01,
  -.2991056E+01,  -.2442485E+01, -.2916573E+00,   .1181932E+01,   .7098126E+00,  -.2031150E+01,
  -.3241811E+01,  -.3113050E+01,  -.2991056E+01,  -.2442485E+01,  -.2916573E+00,
   .1181932E+01,   .7098126E+00,  -.2031150E+01,  -.3241811E+01,  -.3113050E+01,
  -.2991056E+01,  -.2442485E+01,
  -.2167791E+01,  -.2415075E+00,   .9281422E+00,   .5617926E+00,  -.1065317E+01,
  -.2690809E+01,  -.3053746E+01,  -.2645833E+01,  -.2167791E+01,  -.2415075E+00,
   .9281422E+00,   .5617926E+00,  -.1065317E+01,  -.2690809E+01,  -.3053746E+01,
  -.2645833E+01,  -.2167791E+01, -.2415075E+00,   .9281422E+00,   .5617926E+00,  -.1065317E+01,
  -.2690809E+01,  -.3053746E+01,  -.2645833E+01,  -.2167791E+01,  -.2415075E+00,
   .9281422E+00,   .5617926E+00,  -.1065317E+01,  -.2690809E+01,  -.3053746E+01,
  -.2645833E+01,  -.2167791E+01,
  -.1712053E+01,  -.2189050E+00,   .7260165E+00,   .4900903E+00,  -.5656150E+00,
  -.1544243E+01,  -.2284874E+01,  -.2072463E+01,  -.1712053E+01,  -.2189050E+00,
   .7260165E+00,   .4900903E+00,  -.5656150E+00,  -.1544243E+01,  -.2284874E+01,
  -.2072463E+01,  -.1712053E+01, -.2189050E+00,   .7260165E+00,   .4900903E+00,  -.5656150E+00,
  -.1544243E+01,  -.2284874E+01,  -.2072463E+01,  -.1712053E+01,  -.2189050E+00,
   .7260165E+00,   .4900903E+00,  -.5656150E+00,  -.1544243E+01,  -.2284874E+01,
  -.2072463E+01,  -.1712053E+01,
  -.1406971E+01,  -.1938429E+00,   .7387693E+00,   .5495740E+00,  -.5620997E+00,
  -.1545807E+01,  -.1935528E+01,  -.1930948E+01,  -.1406971E+01,  -.1938429E+00,
   .7387693E+00,   .5495740E+00,  -.5620997E+00,  -.1545807E+01,  -.1935528E+01,
  -.1930948E+01,  -.1406971E+01, -.1938429E+00,   .7387693E+00,   .5495740E+00,  -.5620997E+00,
  -.1545807E+01,  -.1935528E+01,  -.1930948E+01,  -.1406971E+01,  -.1938429E+00,
   .7387693E+00,   .5495740E+00,  -.5620997E+00,  -.1545807E+01,  -.1935528E+01,
  -.1930948E+01,  -.1406971E+01,
  -.1569944E+01,  -.3956247E+00,   .5938859E+00,   .4954197E+00,  -.6265966E+00,
  -.1628802E+01,  -.1902504E+01,  -.1967809E+01,  -.1569944E+01,  -.3956247E+00,
   .5938859E+00,   .4954197E+00,  -.6265966E+00,  -.1628802E+01,  -.1902504E+01,
  -.1967809E+01,  -.1569944E+01, -.3956247E+00,   .5938859E+00,   .4954197E+00,  -.6265966E+00,
  -.1628802E+01,  -.1902504E+01,  -.1967809E+01,  -.1569944E+01,  -.3956247E+00,
   .5938859E+00,   .4954197E+00,  -.6265966E+00,  -.1628802E+01,  -.1902504E+01,
  -.1967809E+01,  -.1569944E+01,
  -.1612240E+01,  -.4640218E+00,   .3844041E+00,   .5113403E+00,  -.3453308E+00,
  -.1097269E+01,  -.1659311E+01,  -.1792680E+01,  -.1612240E+01,  -.4640218E+00,
   .3844041E+00,   .5113403E+00,  -.3453308E+00,  -.1097269E+01,  -.1659311E+01,
  -.1792680E+01,  -.1612240E+01, -.4640218E+00,   .3844041E+00,   .5113403E+00,  -.3453308E+00,
  -.1097269E+01,  -.1659311E+01,  -.1792680E+01,  -.1612240E+01,  -.4640218E+00,
   .3844041E+00,   .5113403E+00,  -.3453308E+00,  -.1097269E+01,  -.1659311E+01,
  -.1792680E+01,  -.1612240E+01,
  -.1374078E+01,  -.3583995E+00,   .4245075E+00,   .7145232E+00,  -.1200377E+00,
  -.1306179E+01,  -.1692640E+01,  -.1740910E+01,  -.1374078E+01,  -.3583995E+00,
   .4245075E+00,   .7145232E+00,  -.1200377E+00,  -.1306179E+01,  -.1692640E+01,
  -.1740910E+01,  -.1374078E+01, -.3583995E+00,   .4245075E+00,   .7145232E+00,  -.1200377E+00,
  -.1306179E+01,  -.1692640E+01,  -.1740910E+01,  -.1374078E+01,  -.3583995E+00,
   .4245075E+00,   .7145232E+00,  -.1200377E+00,  -.1306179E+01,  -.1692640E+01,
  -.1740910E+01,  -.1374078E+01,
  -.1371049E+01,  -.3670744E+00,   .4365064E+00,   .5257573E+00,  -.2752405E+00,
  -.1400615E+01,  -.2153996E+01,  -.2349175E+01,  -.1371049E+01,  -.3670744E+00,
   .4365064E+00,   .5257573E+00,  -.2752405E+00,  -.1400615E+01,  -.2153996E+01,
  -.2349175E+01,  -.1371049E+01, -.3670744E+00,   .4365064E+00,   .5257573E+00,  -.2752405E+00,
  -.1400615E+01,  -.2153996E+01,  -.2349175E+01,  -.1371049E+01,  -.3670744E+00,
   .4365064E+00,   .5257573E+00,  -.2752405E+00,  -.1400615E+01,  -.2153996E+01,
  -.2349175E+01,  -.1371049E+01,
  -.1419775E+01,  -.4842038E+00,   .3604439E+00,   .5668442E+00,  -.4210227E+00,
  -.1250045E+01,  -.2228679E+01,  -.2824064E+01,  -.1419775E+01,  -.4842038E+00,
   .3604439E+00,   .5668442E+00,  -.4210227E+00,  -.1250045E+01,  -.2228679E+01,
  -.2824064E+01,  -.1419775E+01, -.4842038E+00,   .3604439E+00,   .5668442E+00,  -.4210227E+00,
  -.1250045E+01,  -.2228679E+01,  -.2824064E+01,  -.1419775E+01,  -.4842038E+00,
   .3604439E+00,   .5668442E+00,  -.4210227E+00,  -.1250045E+01,  -.2228679E+01,
  -.2824064E+01,  -.1419775E+01,
  -.7939980E+00,  -.2438151E+00,   .8957900E+00,   .1890437E+01,   .2338486E+00,
  -.7301186E+00,  -.1994794E+01,  -.1858190E+01,  -.7939980E+00,  -.2438151E+00,
   .8957900E+00,   .1890437E+01,   .2338486E+00,  -.7301186E+00,  -.1994794E+01,
  -.1858190E+01,  -.7939980E+00, -.2438151E+00,   .8957900E+00,   .1890437E+01,   .2338486E+00,
  -.7301186E+00,  -.1994794E+01,  -.1858190E+01,  -.7939980E+00,  -.2438151E+00,
   .8957900E+00,   .1890437E+01,   .2338486E+00,  -.7301186E+00,  -.1994794E+01,
  -.1858190E+01,  -.7939980E+00,
  -.1698492E-01,   .3160324E+00,   .1086991E+01,   .1564187E+01,   .5056278E+00,
  -.5262386E+00,  -.1222305E+01,  -.9789044E+00,  -.1698492E-01,   .3160324E+00,
   .1086991E+01,   .1564187E+01,   .5056278E+00,  -.5262386E+00,  -.1222305E+01,
  -.9789044E+00,  -.1698492E-01,  .3160324E+00,   .1086991E+01,   .1564187E+01,   .5056278E+00,
  -.5262386E+00,  -.1222305E+01,  -.9789044E+00,  -.1698492E-01,   .3160324E+00,
   .1086991E+01,   .1564187E+01,   .5056278E+00,  -.5262386E+00,  -.1222305E+01,
  -.9789044E+00,  -.1698492E-01,
   .6604483E+00,   .6242185E+00,   .1274897E+01,   .1056411E+01,   .8297247E+00,
   .4579909E+00,  -.2120029E+00,  -.3305153E+00,   .6604483E+00,   .6242185E+00,
   .1274897E+01,   .1056411E+01,   .8297247E+00,   .4579909E+00,  -.2120029E+00,
  -.3305153E+00,   .6604483E+00,  .6242185E+00,   .1274897E+01,   .1056411E+01,   .8297247E+00,
   .4579909E+00,  -.2120029E+00,  -.3305153E+00,   .6604483E+00,   .6242185E+00,
   .1274897E+01,   .1056411E+01,   .8297247E+00,   .4579909E+00,  -.2120029E+00,
  -.3305153E+00,   .6604483E+00,
   .1250477E+01,   .1237773E+01,   .1704626E+01,   .1607207E+01,   .1545491E+01,
   .1177068E+01,   .1890299E+00,   .6328749E-01,   .1250477E+01,   .1237773E+01,
   .1704626E+01,   .1607207E+01,   .1545491E+01,   .1177068E+01,   .1890299E+00,
   .6328749E-01,   .1250477E+01, .1237773E+01,   .1704626E+01,   .1607207E+01,   .1545491E+01,
   .1177068E+01,   .1890299E+00,   .6328749E-01,   .1250477E+01,   .1237773E+01,
   .1704626E+01,   .1607207E+01,   .1545491E+01,   .1177068E+01,   .1890299E+00,
   .6328749E-01,   .1250477E+01]


#rad_T = np.array(rad_T,dtype=np.float64)
#rad_T = np.reshape(rad_T, (18,33))
#case.add_temp_radiation_tendency(rad_T/3600./24.,time=timeF,lev=p,levtype='pressure',levid='lev') # converted in K s-1

