0.       .0202473E+02    .681195E+01  296.2869776
1800.    .0636519E+02    .180594E+02  296.8944136
3600.    .153282E+02     .43265E+02   297.5018496
5400.    .285109E+02     .117753E+03  298.1092856
7200.    .42149E+02      .162426E+03  298.7167226
9000.    .584364E+02     .205962E+03  299.3241586
10800.   .744759E+02     .24819E+03   299.9315946
12600.   .886719E+02     .289028E+03  301.1023896
14400.   .100233E+03     .332314E+03  302.2731856
16200.   .111762E+03     .36262E+03   303.4439816
18000.   .118153E+03     .393408E+03  304.6147766
19800.   .124062E+03     .400556E+03  305.7855726
21600.   .122118E+03     .407867E+03  306.9563676
23400.   .12001E+03      .408139E+03  307.0036016
25200.   .115689E+03     .408416E+03  307.0508366
27000.   .111363E+03     .405787E+03  307.0980706
28800.   .10627E+03      .388454E+03  307.1453046
30600.   .975414E+02     .37082E+03   307.1925386
32400.   .891145E+02     .345208E+03  307.2397736
34200.   .797053E+02     .318846E+03  306.4423686
36000.   .710458E+02     .292134E+03  305.6449646
37800.   .627365E+02     .242171E+03  304.8475606
39600.   .500528E+02     .191536E+03  304.0501556
41400.   .380417E+02     .121556E+03  303.2527516
43200.   .231619E+02     .755865E+02  302.4553476
45000.   .140122E+02     .291428E+02  301.1542256
46800.   .53365E+01      .794316E+01  299.8531036
48600.   -0.300716E+01   0.           298.5519816
50400.   -0.113508E+02   0.           297.2508596
52200.   -0.145477E+02   0.           295.9497376
54000.   -0.155464E+02   0.           294.6486156
55800.   -0.159952E+02   0.           294.3416086
57600.   -0.164439E+02   0.           294.0346006
59400.   -0.163425E+02   0.           293.7275926
61200.   -0.162412E+02   0.           293.4205846
63000.   -0.161399E+02   0.           293.1135776
64800.   -0.155847E+02   0.           292.8065696
66600.   -0.150295E+02   0.           292.6558386
68400.   -0.140364E+02   0.           292.5051076
70200.   -0.130564E+02   0.           292.3543766
72000.   -0.118787E+02   0.           292.2036456
73800.   -0.103849E+02   0.           292.0529146
75600.   -0.889101E+01   0.           291.9021836
77400.   -0.739717E+01   0.           292.6329826
79200.   -0.590332E+01   0.           293.3637816
81000.   -0.400035E+01   0.           294.0945806
82800.   -0.209737E+01   0.           294.8253796
84600.   -0.0194386E+01  0.           295.5561786
86400.   .0202473E+02    .681195E+01  296.2869776
88200.   .0636519E+02    .180594E+02  296.8944136
90000.   .153282E+02     .43265E+02   297.5018496
91800.   .285109E+02     .117753E+03  298.1092856
93600.   .42149E+02      .162426E+03  298.7167226
95400.   .584364E+02     .205962E+03  299.3241586
97200.   .744759E+02     .24819E+03   299.9315946
99000.   .886719E+02     .289028E+03  301.1023896
100800.  .100233E+03     .332314E+03  302.2731856
102600.  .111762E+03     .36262E+03   303.4439816
104400.  .118153E+03     .393408E+03  304.6147766
106200.  .124062E+03     .400556E+03  305.7855726
108000.  .122118E+03     .407867E+03  306.9563676
109800.  .12001E+03      .408139E+03  307.0036016
111600.  .115689E+03     .408416E+03  307.0508366
113400.  .111363E+03     .405787E+03  307.0980706
115200.  .10627E+03      .388454E+03  307.1453046
117000.  .975414E+02     .37082E+03   307.1925386
118800.  .891145E+02     .345208E+03  307.2397736
120600.  .797053E+02     .318846E+03  306.4423686
122400.  .710458E+02     .292134E+03  305.6449646
124200.  .627365E+02     .242171E+03  304.8475606
126000.  .500528E+02     .191536E+03  304.0501556
127800.  .380417E+02     .121556E+03  303.2527516
129600.  .231619E+02     .755865E+02  302.4553476
131400.  .140122E+02     .291428E+02  301.1542256
133200.  .53365E+01      .794316E+01  299.8531036
135000.  -0.300716E+01   0.           298.5519816
136800.  -0.113508E+02   0.           297.2508596
138600.  -0.145477E+02   0.           295.9497376
140400.  -0.155464E+02   0.           294.6486156
142200.  -0.159952E+02   0.           294.3416086
144000.  -0.164439E+02   0.           294.0346006
145800.  -0.163425E+02   0.           293.7275926
147600.  -0.162412E+02   0.           293.4205846
149400.  -0.161399E+02   0.           293.1135776
151200.  -0.155847E+02   0.           292.8065696
153000.  -0.150295E+02   0.           292.6558386
154800.  -0.140364E+02   0.           292.5051076
156600.  -0.130564E+02   0.           292.3543766
158400.  -0.118787E+02   0.           292.2036456
160200.  -0.103849E+02   0.           292.0529146
162000.  -0.889101E+01   0.           291.9021836
163800.  -0.739717E+01   0.           292.6329826
165600.  -0.590332E+01   0.           293.3637816
167400.  -0.400035E+01   0.           294.0945806
169200.  -0.209737E+01   0.           294.8253796
171000.  -0.0194386E+01  0.           295.5561786
172800.  .0202473E+02    .681195E+01  296.2869776
174600.  .0636519E+02    .180594E+02  296.8944136
176400.  .153282E+02     .43265E+02   297.5018496
178200.  .285109E+02     .117753E+03  298.1092856
180000.  .42149E+02      .162426E+03  298.7167226
181800.  .584364E+02     .205962E+03  299.3241586
183600.  .744759E+02     .24819E+03   299.9315946
185400.  .886719E+02     .289028E+03  301.1023896
187200.  .100233E+03     .332314E+03  302.2731856
189000.  .111762E+03     .36262E+03   303.4439816
190800.  .118153E+03     .393408E+03  304.6147766
192600.  .124062E+03     .400556E+03  305.7855726
194400.  .122118E+03     .407867E+03  306.9563676
196200.  .12001E+03      .408139E+03  307.0036016
198000.  .115689E+03     .408416E+03  307.0508366
199800.  .111363E+03     .405787E+03  307.0980706
201600.  .10627E+03      .388454E+03  307.1453046
203400.  .975414E+02     .37082E+03   307.1925386
205200.  .891145E+02     .345208E+03  307.2397736
207000.  .797053E+02     .318846E+03  306.4423686
208800.  .710458E+02     .292134E+03  305.6449646
210600.  .627365E+02     .242171E+03  304.8475606
212400.  .500528E+02     .191536E+03  304.0501556
214200.  .380417E+02     .121556E+03  303.2527516
216000.  .231619E+02     .755865E+02  302.4553476
217800.  .140122E+02     .291428E+02  301.1542256
219600.  .53365E+01      .794316E+01  299.8531036
221400.  -0.300716E+01   0.           298.5519816
223200.  -0.113508E+02   0.           297.2508596
225000.  -0.145477E+02   0.           295.9497376
226800.  -0.155464E+02   0.           294.6486156
228600.  -0.159952E+02   0.           294.3416086
230400.  -0.164439E+02   0.           294.0346006
232200.  -0.163425E+02   0.           293.7275926
234000.  -0.162412E+02   0.           293.4205846
235800.  -0.161399E+02   0.           293.1135776
237600.  -0.155847E+02   0.           292.8065696
239400.  -0.150295E+02   0.           292.6558386
241200.  -0.140364E+02   0.           292.5051076
243000.  -0.130564E+02   0.           292.3543766
244800.  -0.118787E+02   0.           292.2036456
246600.  -0.103849E+02   0.           292.0529146
248400.  -0.889101E+01   0.           291.9021836
250200.  -0.739717E+01   0.           292.6329826
252000.  -0.590332E+01   0.           293.3637816
253800.  -0.400035E+01   0.           294.0945806
255600.  -0.209737E+01   0.           294.8253796
257400.  -0.0194386E+01  0.           295.5561786
259200.  .0202473E+02    .681195E+01  296.2869776
261000.  .0636519E+02    .180594E+02  296.8944136
262800.  .153282E+02     .43265E+02   297.5018496
264600.  .285109E+02     .117753E+03  298.1092856
266400.  .42149E+02      .162426E+03  298.7167226
268200.  .584364E+02     .205962E+03  299.3241586
270000.  .744759E+02     .24819E+03   299.9315946
271800.  .886719E+02     .289028E+03  301.1023896
273600.  .100233E+03     .332314E+03  302.2731856
275400.  .111762E+03     .36262E+03   303.4439816
277200.  .118153E+03     .393408E+03  304.6147766
279000.  .124062E+03     .400556E+03  305.7855726
280800.  .122118E+03     .407867E+03  306.9563676
282600.  .12001E+03      .408139E+03  307.0036016
284400.  .115689E+03     .408416E+03  307.0508366
286200.  .111363E+03     .405787E+03  307.0980706
288000.  .10627E+03      .388454E+03  307.1453046
289800.  .975414E+02     .37082E+03   307.1925386
291600.  .891145E+02     .345208E+03  307.2397736
293400.  .797053E+02     .318846E+03  306.4423686
295200.  .710458E+02     .292134E+03  305.6449646
297000.  .627365E+02     .242171E+03  304.8475606
298800.  .500528E+02     .191536E+03  304.0501556
300600.  .380417E+02     .121556E+03  303.2527516
302400.  .231619E+02     .755865E+02  302.4553476
304200.  .140122E+02     .291428E+02  301.1542256
306000.  .53365E+01      .794316E+01  299.8531036
307800.  -0.300716E+01   0.           298.5519816
309600.  -0.113508E+02   0.           297.2508596
311400.  -0.145477E+02   0.           295.9497376
313200.  -0.155464E+02   0.           294.6486156
315000.  -0.159952E+02   0.           294.3416086
316800.  -0.164439E+02   0.           294.0346006
318600.  -0.163425E+02   0.           293.7275926
320400.  -0.162412E+02   0.           293.4205846
322200.  -0.161399E+02   0.           293.1135776
324000.  -0.155847E+02   0.           292.8065696
325800.  -0.150295E+02   0.           292.6558386
327600.  -0.140364E+02   0.           292.5051076
329400.  -0.130564E+02   0.           292.3543766
331200.  -0.118787E+02   0.           292.2036456
333000.  -0.103849E+02   0.           292.0529146
334800.  -0.889101E+01   0.           291.9021836
336600.  -0.739717E+01   0.           292.6329826
338400.  -0.590332E+01   0.           293.3637816
340200.  -0.400035E+01   0.           294.0945806
342000.  -0.209737E+01   0.           294.8253796
343800.  -0.0194386E+01  0.           295.5561786
345600.  .0202473E+02    .681195E+01  296.2869776
