# z [m]  u [m/s]  v [m/s] w [m/s]  theta [e-3 K/s]  rv [e-3 g/kg/s]
  15    -0.5     -2.6     0.00    -0.04             -0.02
  50    -0.6     -2.7     0.00    -0.04             -0.02
  87    -0.9     -2.8     0.00    -0.04             -0.03
  123   -1.1     -2.7     0.00    -0.04             -0.03
  158   -1.3     -2.7     0.00    -0.03             -0.03
  212   -1.5     -2.6     0.00    -0.03             -0.03
  285   -1.8     -2.4     -0.005  -0.03             -0.03
  358   -2.2     -2.0     -0.01   -0.04             -0.03
  431   -2.3     -1.6     -0.01   -0.04             -0.03
  505   -2.2     -1.5     -0.01   -0.03             -0.03
  580   -2.0     -1.5     -0.01   -0.02             -0.03
  655   -1.8     -1.5     -0.01   -0.02             -0.03
  769   -1.4     -1.9     -0.01   -0.02             -0.03
  923   -0.9     -2.5     -0.01   -0.02             -0.03
  1080  -0.6     -3.2     -0.01   -0.02             -0.05
  1239  -0.5     -3.9     -0.01   -0.02             -0.06
  1401  -1.0     -4.4     -0.01   -0.02             -0.07
  1587  -1.9     -5.1     -0.01   -0.02             -0.08
  1797  -2.4     -5.8     -0.01   -0.03             -0.09
  2122  -1.3     -6.3     -0.01   -0.07             -0.07
  2574  2.3      -7.5     -0.01   -0.08             -0.06
  3049  6.2      -10.1    -0.01   -0.10             -0.00
  3812  12.1     -12.7    -0.005  -0.07             0.00
  4500  19.0     -15.0    0.00    -0.05             -0.00
  15    -0.9     -2.3     0.00    -0.04             -0.04
  50    -0.9     -2.3     0.00    -0.04             -0.04
  87    -0.9     -2.3     0.00    -0.04             -0.04
  123   -0.9     -2.3     0.00    -0.04             -0.04
  158   -0.8     -2.3     0.00    -0.04             -0.04
  212   -0.8     -2.3     0.00    -0.04             -0.04
  285   -0.8     -2.3     0.00    -0.04             -0.04
  358   -0.8     -2.2     0.00    -0.04             -0.04
  431   -0.8     -2.2     0.00    -0.04             -0.03
  505   -0.8     -2.0     -0.003  -0.04             -0.03
  580   -0.7     -1.8     -0.006  -0.03             -0.03
  655   -0.5     -1.7     -0.01   -0.03             -0.03
  769   -0.0     -1.5     -0.01   -0.02             -0.02
  923   0.5      -1.5     -0.01   -0.02             -0.02
  1080  0.7      -1.4     -0.01   -0.01             -0.02
  1239  0.4      -1.3     -0.01   -0.00             -0.02
  1401  -0.1     -1.6     -0.01   -0.01             -0.01
  1587  0.1      -2.7     -0.01   -0.03             -0.01
  1797  0.9      -4.1     -0.01   -0.04             -0.02
  2122  2.3      -5.3     -0.01   -0.05             -0.05
  2574  5.0      -6.7     -0.01   -0.06             -0.02
  3049  7.3      -9.8     -0.01   -0.10             0.04
  3812  12.1     -11.5    -0.005  -0.07             0.01
  4500  17.0     -14.0    0.00    -0.05             0.00
  15    -3.8     -0.8     0.00    -0.04             -0.02
  50    -3.8     -0.7     0.00    -0.04             -0.02
  87    -3.8     -0.7     0.00    -0.04             -0.02
  123   -3.8     -0.7     0.00    -0.04             -0.02
  158   -3.8     -0.7     0.00    -0.04             -0.02
  212   -3.7     -0.6     0.00    -0.04             -0.02
  285   -3.7     -0.6     0.00    -0.04             -0.02
  358   -3.6     -0.6     0.00    -0.03             -0.02
  431   -3.6     -0.5     0.00    -0.03             -0.02
  505   -3.5     -0.4     0.00    -0.03             -0.01
  580   -3.5     -0.4     -0.001  -0.03             -0.01
  655   -3.4     -0.3     -0.002  -0.03             -0.01
  769   -3.2     -0.2     -0.004  -0.02             -0.01
  923   -2.9     0.1      -0.006  -0.02             -0.00
  1080  -2.4     0.4      -0.008  -0.01             0.00
  1239  -1.5     0.9      -0.01   0.00              0.01
  1401  -0.4     1.5      -0.01   -0.01             0.02
  1587  1.3      1.0      -0.01   -0.02             0.06
  1797  2.5      -0.8     -0.01   -0.08             0.08
  2122  2.7      -2.8     -0.01   -0.03             -0.02
  2574  4.4      -4.1     -0.01   -0.04             -0.05
  3049  7.4      -5.8     -0.01   -0.11             -0.01
  3812  9.9      -10.2    -0.005  -0.08             0.01
  4500  13.0     -14.0    0.00    -0.05             0.00
