# z [m] theta [K] rv [g/kg] u [m/s] v [m/s]
  0     296       11.2      0       0
  275   299       10.7      0       -0.5
  525   300.6     9.6       0       -3
  625   301.3     9.1       -1      -3
  975   302.6     7.0       -2.7    -4
  1125  303       6.1       -3      -5
  1325  305       5.1       -2.2    -4.5
  1825  307       4.8       1       -5.5
  2325  308.2     4.7       2.5     -10
  2525  310       4.6       7       -12
  3225  314       4.5       16      -8
  3475  315       4.5       18.2    -8.7
  3675  316       4.0       19.5    -10.5
  3775  316.6     3.6       20      -11
  4125  318       2.8       19.5    -12
  4525  321       1.5       19      -12
  4725  323       0.2       19      -12
  4975  325.5     0.1       19      -12
