# time [s]  sensible [W/m2] latent [W/m2]
  0         5               22
  1800      15              44
  3600      35              64
  5400      60              75
  7200      80              87.5
  9000      100             100
  10800     126             113
  12600     137             126
  14400     149             135
  16200     161             144
  18000     172             153
  19800     186             161
  21600     197             168
  23400     209             174
  25200     214             179
